  A(1,1)=4;  A(1,2)=-1; A(1,3)=0; A(1,4)=-1; A(1,5)=0;  A(1,6)=0; A(1,7)=0; A(1,8)=0; A(1,9)=0;
  A(2,1)=-1; A(2,2)=4; A(2,3)=-1; A(2,4)=0; A(2,5)=-1;  A(2,6)=0; A(2,7)=0; A(2,8)=0; A(2,9)=0;
  A(3,1)=0;  A(3,2)=-1; A(3,3)=4; A(3,4)=0; A(3,5)=0;  A(3,6)=-1; A(3,7)=0; A(3,8)=0; A(3,9)=0;
  A(4,1)=-1; A(4,2)=0; A(4,3)=0; A(4,4)=4; A(4,5)=-1;  A(4,6)=0; A(4,7)=-1; A(4,8)=0; A(4,9)=0;
  A(5,1)=0;  A(5,2)=-1; A(5,3)=0; A(5,4)=-1; A(5,5)=4;  A(5,6)=-1; A(5,7)=0; A(5,8)=-1; A(5,9)=0;
  A(6,1)=0;  A(6,2)=0; A(6,3)=-1; A(6,4)=0; A(6,5)=-1;  A(6,6)=4; A(6,7)=0; A(6,8)=0; A(6,9)=-1;
  A(7,1)=0;  A(7,2)=0; A(7,3)=0; A(7,4)=-1; A(7,5)=0;  A(7,6)=0; A(7,7)=4; A(7,8)=-1; A(7,9)=0;
  A(8,1)=0;  A(8,2)=0; A(8,3)=0; A(8,4)=0; A(8,5)=-1;  A(8,6)=0; A(8,7)=-1; A(8,8)=4; A(8,9)=-1;
  A(9,1)=0;  A(9,2)=0; A(9,3)=0; A(9,4)=0; A(9,5)=0;  A(9,6)=-1; A(9,7)=0; A(9,8)=-1; A(9,9)=4;

b(1)=25; b(2)=50; b(3)=150;
  b(4)=0; b(5)=0; b(6)=50;
  b(7)=0; b(8)=0; b(9)=25;
  

